{
  "probabilities": [
    [
      null,
      [41.8, 28.5, 28.8, 42.7],
      [43.5, 30.2, 28.2, 41.6],
      [30.0, 19.4, 25.8, 54.8],
      [32.9, 22.1, 25.5, 52.4],
      [51.1, 36.7, 28.6, 34.7],
      [28.8, 19.2, 23.9, 57.0],
      [27.3, 17.7, 24.1, 58.2],
      [48.9, 34.8, 28.4, 36.8],
      [25.4, 16.4, 23.3, 60.3],
      [24.7, 16.1, 22.5, 61.4],
      [33.5, 22.7, 25.3, 52.0],
      [21.8, 13.9, 21.6, 64.5],
      [25.3, 16.9, 21.8, 61.3],
      [29.3, 19.6, 23.8, 56.6],
      [19.7, 12.2, 21.1, 66.7],
      [17.7, 10.7, 20.2, 69.1],
      [16.4, 9.7, 19.9, 70.4],
      [17.0, 10.0, 20.4, 69.6],
      [15.5, 9.1, 19.3, 71.6],
      [11.7, 6.8, 16.3, 77.0],
      [12.0, 6.7, 17.1, 76.1],
      [14.7, 8.6, 18.6, 72.8],
      [10.0, 5.5, 15.3, 79.2],
      [12.4, 7.1, 17.1, 75.8],
      [12.9, 7.3, 17.8, 74.9],
      [11.4, 6.6, 15.9, 77.5],
      [14.1, 8.3, 18.0, 73.7],
      [10.3, 5.8, 15.3, 79.0],
      [10.4, 6.0, 15.1, 78.9],
      [10.8, 6.3, 15.2, 78.5],
      [14.3, 8.7, 17.4, 73.9]
    ],
    [
      [58.2, 42.7, 28.8, 28.5],
      null,
      [52.3, 38.1, 27.9, 34.0],
      [37.3, 25.9, 25.7, 48.4],
      [41.5, 29.5, 25.9, 44.6],
      [55.8, 41.1, 28.1, 30.8],
      [35.9, 24.8, 25.3, 49.8],
      [33.9, 23.5, 24.3, 52.1],
      [54.6, 39.8, 28.6, 31.7],
      [30.8, 20.5, 24.8, 54.7],
      [30.7, 21.0, 23.4, 55.6],
      [43.1, 31.3, 25.2, 43.5],
      [27.0, 18.2, 22.4, 59.4],
      [31.8, 22.0, 23.5, 54.5],
      [36.0, 25.2, 24.7, 50.1],
      [26.5, 17.8, 22.4, 59.9],
      [27.3, 18.3, 22.8, 58.9],
      [22.3, 14.2, 22.0, 63.8],
      [26.4, 17.4, 23.0, 59.6],
      [19.9, 12.6, 20.3, 67.0],
      [18.3, 11.7, 19.1, 69.2],
      [15.8, 9.5, 19.0, 71.6],
      [18.3, 11.3, 20.1, 68.6],
      [13.9, 8.2, 17.6, 74.2],
      [14.8, 8.9, 18.0, 73.1],
      [15.9, 9.7, 18.7, 71.6],
      [15.4, 9.6, 17.7, 72.8],
      [16.8, 10.3, 19.2, 70.5],
      [14.1, 8.5, 17.5, 74.0],
      [13.2, 8.0, 16.6, 75.4],
      [13.8, 8.5, 16.6, 74.9],
      [16.5, 10.4, 18.2, 71.4]
    ],
    [
      [56.5, 41.6, 28.2, 30.2],
      [47.7, 34.0, 27.9, 38.1],
      null,
      [39.0, 26.9, 26.7, 46.4],
      [37.5, 25.8, 26.3, 47.9],
      [54.9, 40.2, 28.2, 31.6],
      [42.2, 29.2, 27.9, 42.9],
      [35.4, 23.7, 26.8, 49.5],
      [48.1, 34.4, 27.8, 37.8],
      [32.8, 22.3, 25.0, 52.8],
      [33.6, 22.7, 25.5, 51.8],
      [39.3, 27.4, 26.3, 46.2],
      [32.5, 21.3, 26.4, 52.3],
      [32.8, 22.7, 24.0, 53.3],
      [35.5, 24.5, 25.1, 50.3],
      [31.3, 20.9, 24.9, 54.2],
      [26.2, 17.0, 23.4, 59.6],
      [19.8, 11.7, 22.6, 65.8],
      [25.4, 16.2, 23.6, 60.1],
      [19.4, 11.5, 22.2, 66.3],
      [14.5, 8.4, 18.7, 72.9],
      [15.0, 8.5, 19.6, 71.8],
      [19.9, 11.9, 22.3, 65.9],
      [13.2, 7.3, 18.5, 74.2],
      [14.3, 8.3, 18.7, 73.1],
      [18.3, 10.1, 23.0, 66.8],
      [20.3, 11.9, 23.0, 65.1],
      [16.6, 9.5, 20.8, 69.7],
      [15.8, 8.3, 21.8, 69.9],
      [16.6, 9.5, 20.6, 69.8],
      [13.4, 7.8, 17.5, 74.7],
      [17.7, 10.7, 20.3, 68.9]
    ],
    [
      [70.0, 54.8, 25.8, 19.4],
      [62.7, 48.4, 25.7, 25.9],
      [61.0, 46.4, 26.7, 26.9],
      null,
      [52.0, 36.9, 29.7, 33.4],
      [59.9, 45.1, 27.3, 27.6],
      [51.1, 36.7, 28.7, 34.7],
      [51.4, 36.9, 28.7, 34.4],
      [57.4, 42.6, 27.8, 29.6],
      [43.1, 30.5, 26.8, 42.7],
      [44.7, 31.1, 28.6, 40.3],
      [54.3, 39.7, 28.2, 32.1],
      [43.1, 29.9, 28.0, 42.0],
      [47.0, 33.4, 27.8, 38.8],
      [48.4, 34.5, 28.2, 37.3],
      [43.8, 30.7, 27.6, 41.7],
      [40.7, 27.7, 28.2, 44.1],
      [31.4, 21.5, 23.8, 54.6],
      [34.3, 23.5, 25.1, 51.4],
      [24.3, 15.6, 22.6, 61.7],
      [19.1, 11.9, 20.6, 67.5],
      [18.8, 11.4, 21.0, 67.7],
      [16.9, 10.0, 20.2, 69.7],
      [14.1, 8.1, 18.5, 73.3],
      [13.4, 7.7, 17.8, 74.5],
      [15.1, 8.8, 19.1, 72.1],
      [15.4, 9.0, 19.2, 71.8],
      [15.9, 9.5, 19.4, 71.2],
      [16.2, 9.1, 20.7, 70.1],
      [14.3, 8.1, 18.8, 73.0],
      [12.9, 7.7, 16.5, 75.7],
      [15.2, 9.3, 18.0, 72.6]
    ],
    [
      [67.1, 52.4, 25.5, 22.1],
      [58.5, 44.6, 25.9, 29.5],
      [62.5, 47.9, 26.3, 25.8],
      [48.0, 33.4, 29.7, 36.9],
      null,
      [59.7, 45.0, 27.1, 27.9],
      [52.1, 37.6, 28.5, 33.9],
      [49.3, 35.1, 28.5, 36.3],
      [53.8, 39.7, 27.2, 33.0],
      [45.4, 31.8, 28.2, 39.9],
      [42.8, 29.4, 28.5, 42.1],
      [52.5, 38.3, 27.8, 33.9],
      [45.2, 31.8, 27.9, 40.2],
      [43.8, 30.7, 27.7, 41.6],
      [44.2, 31.0, 27.8, 41.2],
      [39.1, 26.7, 27.3, 45.9],
      [37.2, 25.1, 27.3, 47.6],
      [28.0, 18.2, 24.3, 57.4],
      [34.5, 23.4, 25.8, 50.8],
      [24.5, 15.6, 23.2, 61.2],
      [20.0, 12.3, 21.4, 66.2],
      [18.5, 11.1, 21.1, 67.8],
      [24.5, 15.4, 23.8, 60.8],
      [14.4, 8.0, 19.6, 72.4],
      [17.0, 9.9, 20.7, 69.4],
      [21.0, 12.4, 23.3, 64.3],
      [20.2, 12.3, 21.9, 65.8],
      [22.2, 13.7, 23.0, 63.3],
      [20.5, 12.0, 23.3, 64.7],
      [20.5, 12.6, 21.9, 65.5],
      [14.0, 8.4, 17.3, 74.3],
      [19.3, 11.9, 20.9, 67.2]
    ],
    [
      [48.9, 34.7, 28.6, 36.7],
      [44.2, 30.8, 28.1, 41.1],
      [45.1, 31.6, 28.2, 40.2],
      [40.1, 27.6, 27.3, 45.1],
      [40.3, 27.9, 27.1, 45.0],
      null,
      [38.7, 26.9, 26.3, 46.8],
      [35.4, 23.8, 26.6, 49.6],
      [46.8, 33.3, 27.8, 39.0],
      [35.9, 23.9, 27.4, 48.7],
      [33.5, 22.4, 26.0, 51.6],
      [38.4, 26.6, 26.4, 47.0],
      [32.6, 21.4, 26.3, 52.3],
      [29.2, 19.3, 24.4, 56.3],
      [34.4, 23.5, 25.2, 51.2],
      [33.8, 22.6, 26.2, 51.2],
      [26.9, 17.2, 24.4, 58.4],
      [28.2, 18.2, 24.8, 56.9],
      [28.4, 18.2, 25.2, 56.6],
      [28.8, 18.6, 25.1, 56.3],
      [22.7, 14.2, 22.7, 63.0],
      [24.9, 15.8, 23.7, 60.5],
      [25.7, 16.1, 24.4, 59.4],
      [22.3, 13.7, 22.9, 63.3],
      [24.7, 15.4, 24.2, 60.4],
      [25.6, 16.3, 24.0, 59.8],
      [25.5, 16.2, 23.9, 59.9],
      [23.8, 15.0, 23.3, 61.8],
      [20.5, 12.5, 22.0, 65.4],
      [20.5, 12.7, 21.7, 65.6],
      [19.5, 12.1, 20.8, 67.1],
      [21.9, 13.8, 22.0, 64.2]
    ],
    [
      [71.2, 57.0, 23.9, 19.2],
      [64.1, 49.8, 25.3, 24.8],
      [57.8, 42.9, 27.9, 29.2],
      [48.9, 34.7, 28.7, 36.7],
      [47.9, 33.9, 28.5, 37.6],
      [61.3, 46.8, 26.3, 26.9],
      null,
      [47.8, 34.4, 27.4, 38.2],
      [56.7, 42.0, 27.8, 30.2],
      [43.2, 29.9, 28.3, 41.8],
      [42.4, 29.5, 27.8, 42.7],
      [53.6, 39.3, 27.8, 33.0],
      [42.3, 28.8, 29.0, 42.2],
      [44.7, 30.9, 29.0, 40.1],
      [46.7, 32.9, 28.5, 38.6],
      [40.2, 27.2, 28.3, 44.5],
      [37.4, 24.6, 28.7, 46.7],
      [32.2, 19.9, 28.8, 51.2],
      [35.0, 22.7, 28.4, 49.0],
      [28.2, 17.2, 27.2, 55.6],
      [21.2, 13.4, 21.3, 65.2],
      [22.3, 13.5, 23.4, 63.0],
      [17.9, 10.4, 21.5, 68.2],
      [14.4, 8.2, 19.1, 72.7],
      [14.5, 8.5, 18.6, 72.9],
      [19.5, 11.6, 22.1, 66.4],
      [18.3, 10.6, 21.7, 67.7],
      [15.2, 8.7, 19.7, 71.6],
      [18.7, 10.4, 23.3, 66.3],
      [18.1, 10.5, 21.8, 67.7],
      [14.7, 8.6, 18.5, 72.8],
      [15.0, 8.8, 18.9, 72.4]
    ],
    [
      [72.7, 58.2, 24.1, 17.7],
      [66.1, 52.1, 24.3, 23.5],
      [64.6, 49.5, 26.8, 23.7],
      [48.6, 34.4, 28.7, 36.9],
      [50.7, 36.3, 28.5, 35.1],
      [64.6, 49.6, 26.6, 23.8],
      [52.2, 38.2, 27.4, 34.4],
      null,
      [59.7, 44.6, 27.7, 27.6],
      [41.4, 29.1, 26.6, 44.3],
      [45.0, 31.0, 29.2, 39.8],
      [54.2, 39.4, 28.7, 32.0],
      [41.8, 29.2, 27.1, 43.7],
      [42.4, 29.7, 27.2, 43.1],
      [49.8, 35.2, 29.4, 35.5],
      [42.5, 29.2, 28.5, 42.3],
      [40.7, 27.3, 29.1, 43.6],
      [32.4, 21.6, 25.5, 52.9],
      [32.9, 22.0, 25.7, 52.3],
      [25.8, 16.4, 24.1, 59.5],
      [22.6, 13.4, 24.5, 62.1],
      [20.9, 12.3, 23.3, 64.3],
      [21.9, 12.9, 24.0, 63.1],
      [16.3, 9.1, 21.0, 69.9],
      [18.1, 10.1, 22.6, 67.3],
      [21.3, 12.2, 24.6, 63.2],
      [21.5, 12.6, 24.1, 63.3],
      [21.5, 12.8, 23.5, 63.7],
      [21.6, 12.3, 24.9, 62.8],
      [20.1, 12.0, 22.5, 65.5],
      [15.7, 9.1, 19.5, 71.3],
      [20.4, 12.4, 22.1, 65.5]
    ],
    [
      [51.1, 36.8, 28.4, 34.8],
      [45.4, 31.7, 28.6, 39.8],
      [51.9, 37.8, 27.8, 34.4],
      [42.6, 29.6, 27.8, 42.6],
      [46.2, 33.0, 27.2, 39.7],
      [53.2, 39.0, 27.8, 33.3],
      [43.3, 30.2, 27.8, 42.0],
      [40.3, 27.6, 27.7, 44.6],
      null,
      [38.0, 25.5, 27.9, 46.6],
      [39.2, 26.8, 27.5, 45.7],
      [44.2, 31.4, 26.9, 41.7],
      [38.0, 25.5, 27.9, 46.6],
      [36.9, 25.2, 26.5, 48.4],
      [44.2, 31.9, 26.0, 42.1],
      [37.9, 25.6, 27.6, 46.8],
      [32.1, 20.9, 26.5, 52.6],
      [31.6, 20.6, 26.2, 53.2],
      [33.2, 21.8, 26.9, 51.4],
      [33.5, 22.2, 26.5, 51.3],
      [27.0, 17.1, 24.8, 58.1],
      [27.3, 17.4, 25.0, 57.6],
      [28.3, 18.0, 25.6, 56.5],
      [25.1, 15.6, 24.5, 59.9],
      [27.4, 17.3, 25.3, 57.4],
      [28.2, 18.2, 24.8, 57.0],
      [28.2, 18.1, 25.0, 56.9],
      [26.7, 16.9, 24.7, 58.4],
      [23.5, 14.4, 23.9, 61.7],
      [22.5, 14.0, 22.9, 63.1],
      [21.7, 13.6, 21.9, 64.5],
      [23.7, 15.1, 22.7, 62.1]
    ],
    [
      [74.6, 60.3, 23.3, 16.4],
      [69.2, 54.7, 24.8, 20.5],
      [67.2, 52.8, 25.0, 22.3],
      [56.9, 42.7, 26.8, 30.5],
      [54.6, 39.9, 28.2, 31.8],
      [64.1, 48.7, 27.4, 23.9],
      [56.8, 41.8, 28.3, 29.9],
      [58.6, 44.3, 26.6, 29.1],
      [62.0, 46.6, 27.9, 25.5],
      null,
      [48.5, 34.4, 28.6, 37.0],
      [59.8, 45.2, 26.9, 27.9],
      [47.3, 33.4, 28.4, 38.2],
      [47.3, 33.8, 27.6, 38.6],
      [51.1, 37.3, 27.3, 35.4],
      [41.1, 28.1, 28.0, 43.8],
      [41.3, 28.3, 27.9, 43.7],
      [37.7, 24.7, 29.1, 46.2],
      [41.8, 28.6, 28.4, 43.0],
      [35.8, 22.7, 29.8, 47.5],
      [23.6, 14.9, 22.9, 62.2],
      [29.1, 18.0, 27.1, 54.9],
      [22.6, 13.4, 24.4, 62.2],
      [19.7, 11.8, 22.1, 66.2],
      [17.9, 9.9, 22.8, 67.4],
      [20.9, 12.2, 23.6, 64.2],
      [20.0, 11.3, 23.8, 64.9],
      [19.6, 11.4, 22.8, 65.8],
      [18.5, 10.6, 22.5, 66.9],
      [17.2, 9.9, 21.1, 69.0],
      [15.0, 8.5, 19.6, 71.9],
      [16.7, 9.5, 21.0, 69.5]
    ],
    [
      [75.3, 61.4, 22.5, 16.1],
      [69.3, 55.6, 23.4, 21.0],
      [66.4, 51.8, 25.5, 22.7],
      [55.3, 40.3, 28.6, 31.1],
      [57.2, 42.1, 28.5, 29.4],
      [66.5, 51.6, 26.0, 22.4],
      [57.6, 42.7, 27.8, 29.5],
      [55.0, 39.8, 29.2, 31.0],
      [60.8, 45.7, 27.5, 26.8],
      [51.5, 37.0, 28.6, 34.4],
      null,
      [55.2, 40.5, 28.1, 31.3],
      [48.4, 34.2, 28.8, 37.0],
      [49.5, 35.5, 28.1, 36.4],
      [52.3, 37.9, 28.2, 33.8],
      [45.7, 31.9, 28.6, 39.5],
      [45.4, 31.7, 28.5, 39.7],
      [38.5, 26.4, 26.9, 46.7],
      [41.2, 28.1, 28.3, 43.6],
      [34.7, 23.5, 26.0, 50.5],
      [27.9, 17.9, 25.0, 57.2],
      [28.0, 17.8, 25.3, 56.9],
      [26.3, 16.4, 25.3, 58.3],
      [20.9, 12.2, 23.6, 64.1],
      [21.6, 12.7, 24.0, 63.3],
      [26.5, 16.3, 25.7, 57.9],
      [23.9, 14.7, 24.3, 61.1],
      [25.9, 15.9, 25.6, 58.5],
      [24.3, 14.7, 24.9, 60.4],
      [24.0, 14.9, 23.8, 61.3],
      [17.6, 10.7, 20.2, 69.2],
      [22.7, 14.1, 22.9, 63.0]
    ],
    [
      [66.5, 52.0, 25.3, 22.7],
      [56.9, 43.5, 25.2, 31.3],
      [60.7, 46.2, 26.3, 27.4],
      [45.7, 32.1, 28.2, 39.7],
      [47.5, 33.9, 27.8, 38.3],
      [61.6, 47.0, 26.4, 26.6],
      [46.4, 33.0, 27.8, 39.3],
      [45.8, 32.0, 28.7, 39.4],
      [55.8, 41.7, 26.9, 31.4],
      [40.2, 27.9, 26.9, 45.2],
      [44.8, 31.3, 28.1, 40.5],
      null,
      [44.1, 31.0, 27.6, 41.4],
      [48.6, 34.7, 28.1, 37.2],
      [50.1, 35.9, 28.5, 35.7],
      [46.3, 32.9, 27.8, 39.3],
      [45.1, 31.6, 28.2, 40.2],
      [33.3, 22.2, 26.1, 51.7],
      [40.8, 28.8, 26.1, 45.1],
      [34.1, 22.3, 27.4, 50.3],
      [24.9, 15.4, 24.5, 60.1],
      [26.4, 16.4, 25.3, 58.2],
      [29.9, 19.2, 26.0, 54.7],
      [24.8, 15.2, 24.8, 60.0],
      [26.7, 16.8, 24.9, 58.2],
      [29.9, 19.4, 25.5, 55.1],
      [28.8, 18.4, 25.8, 55.8],
      [27.7, 17.5, 25.4, 57.1],
      [26.2, 16.4, 25.0, 58.6],
      [24.4, 15.3, 23.8, 60.9],
      [21.2, 13.0, 22.3, 64.7],
      [25.4, 16.2, 23.6, 60.1]
    ],
    [
      [78.2, 64.5, 21.6, 13.9],
      [73.0, 59.4, 22.4, 18.2],
      [67.5, 52.3, 26.4, 21.3],
      [56.9, 42.0, 28.0, 29.9],
      [54.8, 40.2, 27.9, 31.8],
      [67.4, 52.3, 26.3, 21.4],
      [57.7, 42.2, 29.0, 28.8],
      [58.2, 43.7, 27.1, 29.2],
      [62.0, 46.6, 27.9, 25.5],
      [52.7, 38.2, 28.4, 33.4],
      [51.6, 37.0, 28.8, 34.2],
      [55.9, 41.4, 27.6, 31.0],
      null,
      [47.7, 33.7, 28.5, 37.7],
      [50.4, 36.2, 28.5, 35.4],
      [47.8, 33.6, 28.9, 37.5],
      [43.2, 29.8, 28.5, 41.7],
      [39.6, 26.1, 29.6, 44.4],
      [43.0, 29.8, 28.1, 42.1],
      [31.1, 20.0, 26.8, 53.2],
      [30.8, 20.5, 25.0, 54.5],
      [28.7, 18.4, 25.6, 56.1],
      [24.2, 14.1, 26.0, 59.9],
      [20.2, 11.7, 23.4, 64.9],
      [20.3, 11.5, 24.0, 64.5],
      [24.7, 14.4, 26.4, 59.2],
      [24.2, 14.2, 25.9, 59.9],
      [22.6, 13.0, 25.4, 61.6],
      [21.9, 12.1, 26.1, 61.8],
      [21.6, 12.6, 24.3, 63.2],
      [17.1, 10.0, 20.7, 69.3],
      [20.6, 12.2, 23.0, 64.8]
    ],
    [
      [74.7, 61.3, 21.8, 16.9],
      [68.2, 54.5, 23.5, 22.0],
      [67.2, 53.3, 24.0, 22.7],
      [53.0, 38.8, 27.8, 33.4],
      [56.2, 41.6, 27.7, 30.7],
      [70.8, 56.3, 24.4, 19.3],
      [55.3, 40.1, 29.0, 30.9],
      [57.6, 43.1, 27.2, 29.7],
      [63.1, 48.4, 26.5, 25.2],
      [52.7, 38.6, 27.6, 33.8],
      [50.5, 36.4, 28.1, 35.5],
      [51.4, 37.2, 28.1, 34.7],
      [52.3, 37.7, 28.5, 33.7],
      null,
      [50.5, 36.9, 27.2, 35.9],
      [49.0, 35.1, 28.0, 36.9],
      [46.6, 33.1, 27.8, 39.1],
      [40.6, 27.6, 28.4, 44.0],
      [42.7, 29.4, 28.4, 42.2],
      [40.3, 27.8, 27.3, 45.0],
      [34.9, 23.2, 26.9, 49.9],
      [31.5, 20.6, 26.2, 53.2],
      [30.8, 19.7, 26.6, 53.7],
      [27.1, 17.0, 25.6, 57.5],
      [29.6, 18.7, 26.5, 54.7],
      [31.7, 20.5, 26.7, 52.8],
      [32.5, 21.3, 26.4, 52.3],
      [30.7, 19.8, 26.2, 53.9],
      [28.3, 17.8, 25.9, 56.3],
      [27.1, 17.3, 24.8, 58.0],
      [25.3, 15.8, 24.3, 59.9],
      [26.6, 16.8, 24.9, 58.4]
    ],
    [
      [70.7, 56.6, 23.8, 19.6],
      [64.0, 50.1, 24.7, 25.2],
      [64.5, 50.3, 25.1, 24.5],
      [51.6, 37.3, 28.2, 34.5],
      [55.8, 41.2, 27.8, 31.0],
      [65.6, 51.2, 25.2, 23.5],
      [53.3, 38.6, 28.5, 32.9],
      [50.2, 35.5, 29.4, 35.2],
      [55.8, 42.1, 26.0, 31.9],
      [48.9, 35.4, 27.3, 37.3],
      [47.7, 33.8, 28.2, 37.9],
      [49.9, 35.7, 28.5, 35.9],
      [49.6, 35.4, 28.5, 36.2],
      [49.5, 35.9, 27.2, 36.9],
      null,
      [46.6, 33.1, 27.8, 39.1],
      [45.0, 32.0, 27.3, 40.7],
      [36.9, 25.4, 26.0, 48.6],
      [40.9, 28.8, 26.3, 44.9],
      [37.0, 25.5, 26.0, 48.5],
      [34.7, 23.3, 26.4, 50.4],
      [31.1, 20.4, 25.8, 53.8],
      [25.2, 15.7, 24.5, 59.9],
      [29.4, 18.9, 25.5, 55.5],
      [22.9, 13.9, 23.8, 62.3],
      [24.8, 15.3, 24.6, 60.1],
      [30.0, 19.5, 25.7, 54.8],
      [27.3, 17.1, 25.8, 57.2],
      [25.1, 15.5, 24.7, 59.8],
      [25.9, 16.4, 24.2, 59.4],
      [22.3, 13.8, 22.8, 63.4],
      [22.7, 14.2, 22.7, 63.1]
    ],
    [
      [80.3, 66.7, 21.1, 12.2],
      [73.5, 59.9, 22.4, 17.8],
      [68.7, 54.2, 24.9, 20.9],
      [56.2, 41.7, 27.6, 30.7],
      [60.9, 45.9, 27.3, 26.7],
      [66.2, 51.2, 26.2, 22.6],
      [59.8, 44.5, 28.3, 27.2],
      [57.5, 42.3, 28.5, 29.2],
      [62.1, 46.8, 27.6, 25.6],
      [58.9, 43.8, 28.0, 28.1],
      [54.3, 39.5, 28.6, 31.9],
      [53.7, 39.3, 27.8, 32.9],
      [52.2, 37.5, 28.9, 33.6],
      [51.0, 36.9, 28.0, 35.1],
      [53.4, 39.1, 27.8, 33.1],
      null,
      [48.8, 35.0, 27.9, 37.1],
      [47.3, 33.4, 28.5, 38.1],
      [47.6, 33.8, 28.2, 38.0],
      [41.3, 28.7, 27.3, 44.0],
      [33.8, 22.8, 25.8, 51.4],
      [33.1, 22.2, 25.7, 52.1],
      [29.7, 19.2, 25.7, 55.1],
      [26.5, 16.4, 25.4, 58.2],
      [25.8, 15.9, 25.2, 58.9],
      [32.4, 21.2, 26.6, 52.2],
      [30.3, 19.7, 25.6, 54.7],
      [30.1, 19.4, 25.9, 54.6],
      [26.0, 16.1, 25.1, 58.8],
      [24.3, 15.3, 23.6, 61.1],
      [23.7, 15.0, 22.9, 62.0],
      [26.9, 17.3, 24.4, 58.4]
    ],
    [
      [82.3, 69.1, 20.2, 10.7],
      [72.7, 58.9, 22.8, 18.3],
      [73.8, 59.6, 23.4, 17.0],
      [59.3, 44.1, 28.2, 27.7],
      [62.8, 47.6, 27.3, 25.1],
      [73.1, 58.4, 24.4, 17.2],
      [62.6, 46.7, 28.7, 24.6],
      [59.3, 43.6, 29.1, 27.3],
      [67.9, 52.6, 26.5, 20.9],
      [58.7, 43.7, 27.9, 28.3],
      [54.6, 39.7, 28.5, 31.7],
      [54.9, 40.2, 28.2, 31.6],
      [56.8, 41.7, 28.5, 29.8],
      [53.4, 39.1, 27.8, 33.1],
      [55.0, 40.7, 27.3, 32.0],
      [51.2, 37.1, 27.9, 35.0],
      null,
      [46.2, 32.5, 28.3, 39.2],
      [46.7, 33.1, 28.0, 38.9],
      [47.8, 34.6, 27.0, 38.4],
      [37.6, 25.3, 27.7, 47.1],
      [31.1, 20.2, 26.1, 53.7],
      [31.5, 20.3, 26.9, 52.9],
      [28.3, 17.9, 25.7, 56.3],
      [31.1, 19.8, 27.0, 53.2],
      [34.2, 22.7, 26.8, 50.5],
      [33.8, 22.2, 27.1, 50.7],
      [29.7, 18.9, 26.4, 54.7],
      [27.7, 17.3, 26.0, 56.7],
      [26.6, 16.9, 24.5, 58.5],
      [28.0, 17.7, 25.7, 56.7],
      [30.6, 19.8, 26.0, 54.1]
    ],
    [
      [83.6, 70.4, 19.9, 9.7],
      [77.7, 63.8, 22.0, 14.2],
      [80.2, 65.8, 22.6, 11.7],
      [68.6, 54.6, 23.8, 21.5],
      [72.0, 57.4, 24.3, 18.2],
      [71.8, 56.9, 24.8, 18.2],
      [67.8, 51.2, 28.8, 19.9],
      [67.6, 52.9, 25.5, 21.6],
      [68.4, 53.2, 26.2, 20.6],
      [62.3, 46.2, 29.1, 24.7],
      [61.5, 46.7, 26.9, 26.4],
      [66.7, 51.7, 26.1, 22.2],
      [60.4, 44.4, 29.6, 26.1],
      [59.4, 44.0, 28.4, 27.6],
      [63.1, 48.6, 26.0, 25.4],
      [52.7, 38.1, 28.5, 33.4],
      [53.8, 39.2, 28.3, 32.5],
      null,
      [53.6, 38.5, 29.1, 32.3],
      [53.6, 39.1, 28.2, 32.7],
      [43.5, 30.7, 27.2, 42.1],
      [44.2, 30.6, 28.5, 40.9],
      [38.8, 27.0, 26.1, 46.9],
      [38.1, 26.0, 26.9, 47.1],
      [31.1, 20.1, 26.3, 53.6],
      [35.2, 23.7, 26.5, 49.8],
      [30.7, 19.6, 26.9, 53.6],
      [33.5, 22.4, 25.9, 51.7],
      [31.0, 20.2, 26.0, 53.8],
      [30.8, 20.7, 24.5, 54.8],
      [24.5, 15.1, 24.4, 60.5],
      [26.9, 17.0, 25.1, 57.9]
    ],
    [
      [83.0, 69.6, 20.4, 10.0],
      [73.6, 59.6, 23.0, 17.4],
      [74.6, 60.1, 23.6, 16.2],
      [65.7, 51.4, 25.1, 23.5],
      [65.5, 50.8, 25.8, 23.4],
      [71.6, 56.6, 25.2, 18.2],
      [65.0, 49.0, 28.4, 22.7],
      [67.1, 52.3, 25.7, 22.0],
      [66.8, 51.4, 26.9, 21.8],
      [58.2, 43.0, 28.4, 28.6],
      [58.8, 43.6, 28.3, 28.1],
      [59.2, 45.1, 26.1, 28.8],
      [57.0, 42.1, 28.1, 29.8],
      [57.3, 42.2, 28.4, 29.4],
      [59.1, 44.9, 26.3, 28.8],
      [52.4, 38.0, 28.2, 33.8],
      [53.3, 38.9, 28.0, 33.1],
      [46.4, 32.3, 29.1, 38.5],
      null,
      [53.1, 38.7, 28.1, 33.3],
      [40.6, 28.2, 27.1, 44.7],
      [42.2, 29.1, 28.2, 42.7],
      [31.0, 19.9, 26.6, 53.5],
      [32.8, 21.7, 26.2, 52.1],
      [29.0, 18.2, 26.5, 55.3],
      [34.5, 23.1, 26.3, 50.6],
      [33.1, 21.5, 27.2, 51.3],
      [30.4, 19.4, 26.6, 54.1],
      [28.6, 18.1, 25.7, 56.1],
      [26.1, 16.6, 24.2, 59.2],
      [25.2, 15.5, 24.9, 59.6],
      [27.5, 17.5, 24.9, 57.5]
    ],
    [
      [84.5, 71.6, 19.3, 9.1],
      [80.1, 67.0, 20.3, 12.6],
      [80.6, 66.3, 22.2, 11.5],
      [75.7, 61.7, 22.6, 15.6],
      [75.5, 61.2, 23.2, 15.6],
      [71.2, 56.3, 25.1, 18.6],
      [71.8, 55.6, 27.2, 17.2],
      [74.2, 59.5, 24.1, 16.4],
      [66.5, 51.3, 26.5, 22.2],
      [64.2, 47.5, 29.8, 22.7],
      [65.3, 50.5, 26.0, 23.5],
      [65.9, 50.3, 27.4, 22.3],
      [68.9, 53.2, 26.8, 20.0],
      [59.7, 45.0, 27.3, 27.8],
      [63.0, 48.5, 26.0, 25.5],
      [58.7, 44.0, 27.3, 28.7],
      [52.2, 38.4, 27.0, 34.6],
      [46.4, 32.7, 28.2, 39.1],
      [46.9, 33.3, 28.1, 38.7],
      null,
      [48.4, 34.7, 27.8, 37.5],
      [39.1, 26.5, 27.8, 45.7],
      [33.2, 21.9, 26.6, 51.5],
      [34.8, 23.3, 26.6, 50.2],
      [31.6, 20.4, 26.6, 53.0],
      [30.6, 20.0, 25.6, 54.4],
      [32.8, 21.4, 26.8, 51.8],
      [30.6, 19.8, 26.0, 54.1],
      [30.6, 19.8, 26.0, 54.1],
      [33.3, 22.6, 25.2, 52.2],
      [23.2, 13.8, 24.8, 61.4],
      [24.6, 15.0, 24.8, 60.2]
    ],
    [
      [88.3, 77.0, 16.3, 6.8],
      [81.7, 69.2, 19.1, 11.7],
      [85.5, 72.9, 18.7, 8.4],
      [80.9, 67.5, 20.6, 11.9],
      [80.0, 66.2, 21.4, 12.3],
      [77.3, 63.0, 22.7, 14.2],
      [78.8, 65.2, 21.3, 13.4],
      [77.4, 62.1, 24.5, 13.4],
      [73.0, 58.1, 24.8, 17.1],
      [76.4, 62.2, 22.9, 14.9],
      [72.1, 57.2, 25.0, 17.9],
      [75.1, 60.1, 24.5, 15.4],
      [69.2, 54.5, 25.0, 20.5],
      [65.1, 49.9, 26.9, 23.2],
      [65.3, 50.4, 26.4, 23.3],
      [66.2, 51.4, 25.8, 22.8],
      [62.4, 47.1, 27.7, 25.3],
      [56.5, 42.1, 27.2, 30.7],
      [59.4, 44.7, 27.1, 28.2],
      [51.6, 37.5, 27.8, 34.7],
      null,
      [43.0, 29.5, 28.8, 41.7],
      [38.4, 26.2, 27.2, 46.6],
      [38.1, 25.5, 28.1, 46.4],
      [38.8, 26.8, 26.6, 46.6],
      [39.2, 26.4, 28.2, 45.4],
      [37.4, 25.8, 26.1, 48.0],
      [37.4, 24.6, 28.7, 46.7],
      [36.7, 23.9, 28.9, 47.2],
      [36.7, 24.5, 27.5, 48.0],
      [28.4, 18.4, 25.0, 56.7],
      [29.6, 19.0, 26.0, 55.0]
    ],
    [
      [88.0, 76.1, 17.1, 6.7],
      [84.2, 71.6, 19.0, 9.5],
      [85.0, 71.8, 19.6, 8.5],
      [81.2, 67.7, 21.0, 11.4],
      [81.5, 67.8, 21.1, 11.1],
      [75.1, 60.5, 23.7, 15.8],
      [77.7, 63.0, 23.4, 13.5],
      [79.1, 64.3, 23.3, 12.3],
      [72.7, 57.6, 25.0, 17.4],
      [70.9, 54.9, 27.1, 18.0],
      [72.0, 56.9, 25.3, 17.8],
      [73.6, 58.2, 25.3, 16.4],
      [71.3, 56.1, 25.6, 18.4],
      [68.5, 53.2, 26.2, 20.6],
      [68.9, 53.8, 25.8, 20.4],
      [66.9, 52.1, 25.7, 22.2],
      [68.9, 53.7, 26.1, 20.2],
      [55.8, 40.9, 28.5, 30.6],
      [57.8, 42.7, 28.2, 29.1],
      [60.9, 45.7, 27.8, 26.5],
      [57.0, 41.7, 28.8, 29.5],
      null,
      [42.1, 29.7, 26.7, 43.6],
      [47.9, 34.7, 26.8, 38.5],
      [44.4, 31.7, 26.7, 41.6],
      [42.6, 30.0, 27.0, 43.0],
      [42.3, 29.3, 27.8, 42.9],
      [40.2, 27.7, 27.4, 44.9],
      [36.4, 24.3, 27.4, 48.3],
      [36.4, 25.1, 25.6, 49.2],
      [34.0, 22.3, 27.0, 50.6],
      [34.2, 22.7, 26.7, 50.6]
    ],
    [
      [85.3, 72.8, 18.6, 8.6],
      [81.7, 68.6, 20.1, 11.3],
      [80.1, 65.9, 22.3, 11.9],
      [83.1, 69.7, 20.2, 10.0],
      [75.5, 60.8, 23.8, 15.4],
      [74.3, 59.4, 24.4, 16.1],
      [82.1, 68.2, 21.5, 10.4],
      [78.1, 63.1, 24.0, 12.9],
      [71.7, 56.5, 25.6, 18.0],
      [77.4, 62.2, 24.4, 13.4],
      [73.7, 58.3, 25.3, 16.4],
      [70.1, 54.7, 26.0, 19.2],
      [75.8, 59.9, 26.0, 14.1],
      [69.2, 53.7, 26.6, 19.7],
      [74.8, 59.9, 24.5, 15.7],
      [70.3, 55.1, 25.7, 19.2],
      [68.5, 52.9, 26.9, 20.3],
      [61.2, 46.9, 26.1, 27.0],
      [69.0, 53.5, 26.6, 19.9],
      [66.8, 51.5, 26.6, 21.9],
      [61.6, 46.6, 27.2, 26.2],
      [57.9, 43.6, 26.7, 29.7],
      null,
      [49.1, 35.0, 28.5, 36.5],
      [47.7, 33.5, 28.8, 37.6],
      [51.1, 36.6, 28.8, 34.6],
      [48.5, 34.7, 28.0, 37.3],
      [47.2, 33.8, 27.3, 38.8],
      [43.3, 30.3, 27.5, 42.2],
      [47.8, 34.5, 27.1, 38.4],
      [42.6, 29.3, 28.4, 42.3],
      [32.9, 22.0, 25.6, 52.4]
    ],
    [
      [90.0, 79.2, 15.3, 5.5],
      [86.1, 74.2, 17.6, 8.2],
      [86.8, 74.2, 18.5, 7.3],
      [85.9, 73.3, 18.5, 8.1],
      [85.6, 72.4, 19.6, 8.0],
      [77.7, 63.3, 22.9, 13.7],
      [85.6, 72.7, 19.1, 8.2],
      [83.7, 69.9, 21.0, 9.1],
      [74.9, 59.9, 24.5, 15.6],
      [80.3, 66.2, 22.1, 11.8],
      [79.1, 64.1, 23.6, 12.2],
      [75.2, 60.0, 24.8, 15.2],
      [79.8, 64.9, 23.4, 11.7],
      [72.9, 57.5, 25.6, 17.0],
      [70.6, 55.5, 25.5, 18.9],
      [73.5, 58.2, 25.4, 16.4],
      [71.7, 56.3, 25.7, 17.9],
      [61.9, 47.1, 26.9, 26.0],
      [67.2, 52.1, 26.2, 21.7],
      [65.2, 50.2, 26.6, 23.3],
      [61.9, 46.4, 28.1, 25.5],
      [52.1, 38.5, 26.8, 34.7],
      [50.9, 36.5, 28.5, 35.0],
      null,
      [49.7, 35.2, 29.1, 35.7],
      [48.9, 34.6, 28.8, 36.6],
      [45.9, 32.8, 27.2, 40.0],
      [43.3, 29.4, 29.3, 41.2],
      [40.9, 27.1, 29.9, 43.0],
      [43.9, 30.5, 28.4, 41.1],
      [37.4, 25.2, 27.5, 47.3],
      [36.6, 24.4, 27.7, 47.9]
    ],
    [
      [87.6, 75.8, 17.1, 7.1],
      [85.2, 73.1, 18.0, 8.9],
      [85.7, 73.1, 18.7, 8.3],
      [86.6, 74.5, 17.8, 7.7],
      [83.0, 69.4, 20.7, 9.9],
      [75.3, 60.4, 24.2, 15.4],
      [85.5, 72.9, 18.6, 8.5],
      [81.9, 67.3, 22.6, 10.1],
      [72.6, 57.4, 25.3, 17.3],
      [82.1, 67.4, 22.8, 9.9],
      [78.4, 63.3, 24.0, 12.7],
      [73.3, 58.2, 24.9, 16.8],
      [79.7, 64.5, 24.0, 11.5],
      [70.4, 54.7, 26.5, 18.7],
      [77.1, 62.3, 23.8, 13.9],
      [74.2, 58.9, 25.2, 15.9],
      [68.9, 53.2, 27.0, 19.8],
      [68.9, 53.6, 26.3, 20.1],
      [71.0, 55.3, 26.5, 18.2],
      [68.4, 53.0, 26.6, 20.4],
      [61.2, 46.6, 26.6, 26.8],
      [55.6, 41.6, 26.7, 31.7],
      [52.3, 37.6, 28.8, 33.5],
      [50.3, 35.7, 29.1, 35.2],
      null,
      [49.7, 34.7, 30.1, 35.2],
      [47.9, 34.0, 28.4, 37.6],
      [46.9, 32.5, 29.6, 37.9],
      [46.4, 31.9, 29.9, 38.2],
      [49.2, 35.4, 27.9, 36.7],
      [47.6, 33.2, 29.3, 37.4],
      [35.8, 24.3, 26.3, 49.4]
    ],
    [
      [87.1, 74.9, 17.8, 7.3],
      [84.1, 71.6, 18.7, 9.7],
      [81.7, 66.8, 23.0, 10.1],
      [84.9, 72.1, 19.1, 8.8],
      [79.0, 64.3, 23.3, 12.4],
      [74.4, 59.8, 24.0, 16.3],
      [80.5, 66.4, 22.1, 11.6],
      [78.7, 63.2, 24.6, 12.2],
      [71.8, 57.0, 24.8, 18.2],
      [79.1, 64.2, 23.6, 12.2],
      [73.5, 57.9, 25.7, 16.3],
      [70.1, 55.1, 25.5, 19.4],
      [75.3, 59.2, 26.4, 14.4],
      [68.3, 52.8, 26.7, 20.5],
      [75.2, 60.1, 24.6, 15.3],
      [67.6, 52.2, 26.6, 21.2],
      [65.8, 50.5, 26.8, 22.7],
      [64.8, 49.8, 26.5, 23.7],
      [65.5, 50.6, 26.3, 23.1],
      [69.4, 54.4, 25.6, 20.0],
      [60.8, 45.4, 28.2, 26.4],
      [57.4, 43.0, 27.0, 30.0],
      [48.9, 34.6, 28.8, 36.6],
      [51.1, 36.6, 28.8, 34.6],
      [50.3, 35.2, 30.1, 34.7],
      null,
      [51.6, 37.3, 28.2, 34.5],
      [45.2, 31.3, 29.1, 39.6],
      [47.0, 32.9, 28.9, 38.1],
      [50.5, 36.4, 28.2, 35.4],
      [46.3, 31.8, 30.0, 38.2],
      [37.0, 25.0, 27.2, 47.8]
    ],
    [
      [88.6, 77.5, 15.9, 6.6],
      [84.6, 72.8, 17.7, 9.6],
      [79.7, 65.1, 23.0, 11.9],
      [84.6, 71.8, 19.2, 9.0],
      [79.8, 65.8, 21.9, 12.3],
      [74.5, 59.9, 23.9, 16.2],
      [81.7, 67.7, 21.7, 10.6],
      [78.5, 63.3, 24.1, 12.6],
      [71.8, 56.9, 25.0, 18.1],
      [80.0, 64.9, 23.8, 11.3],
      [76.1, 61.1, 24.3, 14.7],
      [71.2, 55.8, 25.8, 18.4],
      [75.8, 59.9, 25.9, 14.2],
      [67.5, 52.3, 26.4, 21.3],
      [70.0, 54.8, 25.7, 19.5],
      [69.7, 54.7, 25.6, 19.7],
      [66.2, 50.7, 27.1, 22.2],
      [69.3, 53.6, 26.9, 19.6],
      [66.9, 51.3, 27.2, 21.5],
      [67.2, 51.8, 26.8, 21.4],
      [62.6, 48.0, 26.1, 25.8],
      [57.7, 42.9, 27.8, 29.3],
      [51.5, 37.3, 28.0, 34.7],
      [54.1, 40.0, 27.2, 32.8],
      [52.1, 37.6, 28.4, 34.0],
      [48.4, 34.5, 28.2, 37.3],
      null,
      [47.7, 33.7, 28.6, 37.7],
      [50.4, 36.4, 27.9, 35.7],
      [48.8, 35.1, 27.8, 37.1],
      [46.9, 33.2, 28.1, 38.6],
      [40.1, 28.5, 25.4, 46.1]
    ],
    [
      [85.9, 73.7, 18.0, 8.3],
      [83.2, 70.5, 19.2, 10.3],
      [83.4, 69.7, 20.8, 9.5],
      [84.1, 71.2, 19.4, 9.5],
      [77.8, 63.3, 23.0, 13.7],
      [76.2, 61.8, 23.3, 15.0],
      [84.8, 71.6, 19.7, 8.7],
      [78.5, 63.7, 23.5, 12.8],
      [73.3, 58.4, 24.7, 16.9],
      [80.4, 65.8, 22.8, 11.4],
      [74.1, 58.5, 25.6, 15.9],
      [72.3, 57.1, 25.4, 17.5],
      [77.4, 61.6, 25.4, 13.0],
      [69.3, 53.9, 26.2, 19.8],
      [72.7, 57.2, 25.8, 17.1],
      [69.9, 54.6, 25.9, 19.4],
      [70.3, 54.7, 26.4, 18.9],
      [66.5, 51.7, 25.9, 22.4],
      [69.6, 54.1, 26.6, 19.4],
      [69.4, 54.1, 26.0, 19.8],
      [62.6, 46.7, 28.7, 24.6],
      [59.8, 44.9, 27.4, 27.7],
      [52.8, 38.8, 27.3, 33.8],
      [56.7, 41.2, 29.3, 29.4],
      [53.1, 37.9, 29.6, 32.5],
      [54.8, 39.6, 29.1, 31.3],
      [52.3, 37.7, 28.6, 33.7],
      null,
      [50.7, 36.4, 28.4, 35.2],
      [54.3, 40.1, 27.4, 32.5],
      [49.3, 35.2, 28.5, 36.3],
      [40.5, 28.2, 26.7, 45.1]
    ],
    [
      [89.7, 79.0, 15.3, 5.8],
      [85.9, 74.0, 17.5, 8.5],
      [84.2, 69.9, 21.8, 8.3],
      [83.8, 70.1, 20.7, 9.1],
      [79.5, 64.7, 23.3, 12.0],
      [79.5, 65.4, 22.0, 12.5],
      [81.3, 66.3, 23.3, 10.4],
      [78.4, 62.8, 24.9, 12.3],
      [76.5, 61.7, 23.9, 14.4],
      [81.5, 66.9, 22.5, 10.6],
      [75.7, 60.4, 24.9, 14.7],
      [73.8, 58.6, 25.0, 16.4],
      [78.1, 61.8, 26.1, 12.1],
      [71.7, 56.3, 25.9, 17.8],
      [74.9, 59.8, 24.7, 15.5],
      [74.0, 58.8, 25.1, 16.1],
      [72.3, 56.7, 26.0, 17.3],
      [69.0, 53.8, 26.0, 20.2],
      [71.4, 56.1, 25.7, 18.1],
      [69.4, 54.1, 26.0, 19.8],
      [63.3, 47.2, 28.9, 23.9],
      [63.6, 48.3, 27.4, 24.3],
      [56.7, 42.2, 27.5, 30.3],
      [59.1, 43.0, 29.9, 27.1],
      [53.6, 38.2, 29.9, 31.9],
      [53.0, 38.1, 28.9, 32.9],
      [49.6, 35.7, 27.9, 36.4],
      [49.3, 35.2, 28.4, 36.4],
      null,
      [55.5, 40.8, 28.0, 31.2],
      [49.5, 34.8, 29.5, 35.6],
      [38.1, 26.2, 26.8, 47.1]
    ],
    [
      [89.6, 78.9, 15.1, 6.0],
      [86.8, 75.4, 16.6, 8.0],
      [83.4, 69.8, 20.6, 9.5],
      [85.7, 73.0, 18.8, 8.1],
      [79.5, 65.5, 21.9, 12.6],
      [79.5, 65.6, 21.7, 12.7],
      [81.9, 67.7, 21.8, 10.5],
      [79.9, 65.5, 22.5, 12.0],
      [77.5, 63.1, 22.9, 14.0],
      [82.8, 69.0, 21.1, 9.9],
      [76.0, 61.3, 23.8, 14.9],
      [75.6, 60.9, 23.8, 15.3],
      [78.4, 63.2, 24.3, 12.6],
      [72.9, 58.0, 24.8, 17.3],
      [74.1, 59.4, 24.2, 16.4],
      [75.7, 61.1, 23.6, 15.3],
      [73.4, 58.5, 24.5, 16.9],
      [69.2, 54.8, 24.5, 20.7],
      [73.9, 59.2, 24.2, 16.6],
      [66.7, 52.2, 25.2, 22.6],
      [63.3, 48.0, 27.5, 24.5],
      [63.6, 49.2, 25.6, 25.1],
      [52.2, 38.4, 27.1, 34.5],
      [56.1, 41.1, 28.4, 30.5],
      [50.8, 36.7, 27.9, 35.4],
      [49.5, 35.4, 28.2, 36.4],
      [51.2, 37.1, 27.8, 35.1],
      [45.7, 32.5, 27.4, 40.1],
      [44.5, 31.2, 28.0, 40.8],
      null,
      [53.4, 38.7, 28.5, 32.8],
      [39.0, 27.0, 26.4, 46.5]
    ],
    [
      [89.2, 78.5, 15.2, 6.3],
      [86.2, 74.9, 16.6, 8.5],
      [86.6, 74.7, 17.5, 7.8],
      [87.1, 75.7, 16.5, 7.7],
      [86.0, 74.3, 17.3, 8.4],
      [80.5, 67.1, 20.8, 12.1],
      [85.3, 72.8, 18.5, 8.6],
      [84.3, 71.3, 19.5, 9.1],
      [78.3, 64.5, 21.9, 13.6],
      [85.0, 71.9, 19.6, 8.5],
      [82.4, 69.2, 20.2, 10.7],
      [78.8, 64.7, 22.3, 13.0],
      [82.9, 69.3, 20.7, 10.0],
      [74.7, 59.9, 24.3, 15.8],
      [77.7, 63.4, 22.8, 13.8],
      [76.3, 62.0, 22.9, 15.0],
      [72.0, 56.7, 25.7, 17.7],
      [75.5, 60.5, 24.4, 15.1],
      [74.8, 59.6, 24.9, 15.5],
      [76.8, 61.4, 24.8, 13.8],
      [71.6, 56.7, 25.0, 18.4],
      [66.0, 50.6, 27.0, 22.3],
      [57.4, 42.3, 28.4, 29.3],
      [62.6, 47.3, 27.5, 25.2],
      [52.4, 37.4, 29.3, 33.2],
      [53.7, 38.2, 30.0, 31.8],
      [53.1, 38.6, 28.1, 33.2],
      [50.7, 36.3, 28.5, 35.2],
      [50.5, 35.6, 29.5, 34.8],
      [46.6, 32.8, 28.5, 38.7],
      null,
      [41.3, 29.4, 25.9, 44.7]
    ],
    [
      [85.7, 73.9, 17.4, 8.7],
      [83.5, 71.4, 18.2, 10.4],
      [82.3, 68.9, 20.3, 10.7],
      [84.8, 72.6, 18.0, 9.3],
      [80.7, 67.2, 20.9, 11.9],
      [78.1, 64.2, 22.0, 13.8],
      [85.0, 72.4, 18.9, 8.8],
      [79.6, 65.5, 22.1, 12.4],
      [76.3, 62.1, 22.7, 15.1],
      [83.3, 69.5, 21.0, 9.5],
      [77.3, 63.0, 22.9, 14.1],
      [74.6, 60.1, 23.6, 16.2],
      [79.4, 64.8, 23.0, 12.2],
      [73.4, 58.4, 24.9, 16.8],
      [77.3, 63.1, 22.7, 14.2],
      [73.1, 58.4, 24.4, 17.3],
      [69.4, 54.1, 26.0, 19.8],
      [73.1, 57.9, 25.1, 17.0],
      [72.5, 57.5, 24.9, 17.5],
      [75.4, 60.2, 24.8, 15.0],
      [70.4, 55.0, 26.0, 19.0],
      [65.8, 50.6, 26.7, 22.7],
      [67.1, 52.4, 25.6, 22.0],
      [63.4, 47.9, 27.7, 24.4],
      [64.2, 49.4, 26.3, 24.3],
      [63.0, 47.8, 27.2, 25.0],
      [59.9, 46.1, 25.4, 28.5],
      [59.5, 45.1, 26.7, 28.2],
      [61.9, 47.1, 26.8, 26.2],
      [61.0, 46.5, 26.4, 27.0],
      [58.7, 44.7, 25.9, 29.4],
      null
    ]
  ]
}